1 25805.362266978726 21.491901311057013 12913.42708414489
2 4.0166952574544315 0.6771540077488687 2.34692463260165
3 80.76409723960688 1756.0207853436646 918.3924412916357
4 22220.382479218948 24144.020650653416 23182.201564936182
5 3034.878441946992 6.400390682717126 1520.6394163148545
6 8.412342969290157e+20 214920073.41576737 4.206171484646153e+20
7 147978606811346.22 96796932.27206042 73989351804139.25
8 59.264993603613405 1.0341414907267927 30.1495675471701
9 4834.444992451296 6.766556528189303 2420.6057744897425
10 797.1625216493169 7.147739570119877 402.15513060971836
11 57.784307248978884 0.5543325338212224 29.169319891400054
12 131.23996001658205 1.0865204923614407 66.16324025447175
