1 53.33878602385086 0.5656202320583021 26.95220312795458
2 1363.334379029354 14.5909259959195 688.9626525126367
3 4223.582817757986 13.498462719887772 2118.5406402389367
4 179.76378017108462 0.5759596529020976 90.16986991199336
5 500.5286486404115 22.14130907896051 261.33497885968603
6 155.44382651797392 17.616957353293408 86.53039193563366
7 97.76961144452864 1.5007603191263443 49.63518588182749
8 8440.182980964402 0.7592196904453586 4220.471100327424
9 3304.3165132078084 42.18543800939317 1673.2509756086008
10 1289.983893955421 1.8359872005163163 645.9099405779687
11 117765.25192825105 449.01728114905904 59107.134604700055
12 45.52488800606521 0.7746497398644892 23.14976887296485
13 21.33102085590543 0.685053864270253 11.00803736008784
14 251.54568902949785 4.733015525680502 128.13935227758918
15 300875659.91991574 444049.7468055289 150659854.83336064
16 44971884.66768272 378004.967355819 22674944.81751927
17 135.9738948142436 0.5405789207906044 68.25723686751711
18 96.73503090604765 2.26148818234777 49.498259544197715
19 34.24182212984939 0.7886217549631448 17.515221942406267
20 5.271704195841564 0.966191754506402 3.118947975173983
21 187.51452385900433 7.375061593344208 97.44479272617427
22 38.948307832745755 1.0053154053325493 19.976811619039154
23 313.47370669932195 11.140363068854587 162.30703488408827
24 3.7691836926071343 0.8234286966378684 2.296306194622501
25 160.9868323845196 12.850857593319889 86.91884498891974
26 269.42867637202284 0.5995514468400065 135.01411390943142
27 108.7003940464654 0.7677649330680177 54.734079489766714
28 53773414415438.92 7010305.555888541 26886710712872.24
29 2742742.0768579394 11783.090144223735 1377262.5835010814
30 2336.8964475329853 9.232306472407535 1173.0643770026963
31 1665755.5861573906 475.93845454995324 833115.7623059703
32 6538.329394760287 17.804737737003528 3278.0670662486455
