1 0.8402523708047301
2 3.58381792135957
3 0.722059076011346
4 30.676791536860353
5 16.473317747039804
6 11.895538215388386
7 0.9386124989491941
8 85961787.78537956
9 9.077240450028002
10 0.912613163035751
11 0.8562822906337598
12 0.8202858581700876
13 10.530223979074293
14 0.7260036662459405
15 25.43774485698772
16 0.9329633832324989
17 10743.064423560898
18 0.9748852327793087
19 28.150980218698223
20 57059168547.8002
21 7.106454468213315
22 20.54836225061968
23 0.8733223036068841
24 9.447984021851953
25 9.447984021851953
26 275370.6049445915
27 0.8095046464434962
28 0.9928541041471204
29 59.79081041887444
30 38.16410479031125
31 1.0730816896997852
32 0.8671240520771912
33 0.8671240520771912
34 18.48880150843236
35 0.9499680672680865
36 1.0203337872429363
37 0.902151595675524
38 0.9844401544081907
39 7.537797855479855
40 7.537797855479855
41 0.8872563681245226
42 0.8668552784143487
43 0.969343386176786
44 0.8883122574902301
45 0.9670508142393601
46 0.9770755205238313
47 2292639.05335062
48 0.9302821936483588
49 0.8911758245274288
50 44791.50501799796
51 20.967573231003573
52 351392.1193761267
53 0.7552498363953564
54 0.9222635616228357
55 0.8484069643243923
56 6.953531823319987
57 81136.28833531357
58 14.646498697790388
59 0.7210189386176633
60 11.130340165551512
61 1.073724757806887
62 0.8261024846567085
63 0.9473447003428154
64 0.9877752284216847
65 0.9302746586177669
66 1.0279756698940548
67 1.00244439817291
68 0.9919483994180361
69 0.8449310122268038
70 1.0785518209467608
71 0.7259900175076655
72 0.9366478049683867
73 1.033496512624154
74 0.9187543565779331
75 0.8834915168178354
76 0.9684008468653806
77 0.972168268686033
78 0.9266132317584238
79 1.0218159632980366
80 8.142963044502032
81 0.8046003232446495
82 0.8017436326135364
83 0.7482030227134668
84 0.9058027960866493
85 0.921881535614789
86 1.0739608954211655
87 180.98980224136568
88 0.7658049276706866
89 0.8537062669175636
90 0.8185142557551592
91 1.1794907894015225
92 0.9324066378742529
93 0.8981360417649099
94 1.0074145930671283
95 1.0452410127093732
96 0.9039302540574893
97 0.8908209106756899
98 1.0094454102697765
99 31.69524434347359
100 0.9053262633832685
101 0.8848190038504785
102 0.9122515144173156
103 15.687047374510971
104 0.9640909341518206
105 0.8250002341506484
106 0.7816495741949175
107 0.766695348556613
108 0.9647714758170904
109 0.8152711481323746
110 0.9237843232142351
111 116.37552627340779
112 0.9662568545611397
113 0.8264457564798363
114 0.8190637441380895
115 0.8994119248848204
116 0.8523419157713058
