1 7897.053379473106
2 424.17201620567164
3 138.37182757073776
4 149.20296468737038
5 338.4993522727137
6 142.17616563978802
7 4.168928738508667e+19
8 4408659.9155274695
9 10279.200242654428
10 80.68591391674099
11 4744.876726782287
12 59.64234824711389
13 72.10322110752497
14 138.82166210401604
15 41426.34411219516
16 1057755493.028611
17 8.262021102093843e+20
18 87860575.9684528
19 205.31759346399318
20 29045.55418727459
21 6989.44031440452
22 54.2371883217513
23 163.9340941229473
24 48.54214464905053
25 199241836.89265847
26 7.526745299786115e+21
27 37.298783110539816
28 17619.263890996524
29 163.4343472285185
30 227282.32924780287
31 788.6167461212167
32 5.173067404396612e+24
33 192.45344600006968
34 213.71173524287747
35 2095611.7663958594
36 2517.1847064815543
37 4.882802668974237
38 515.7188974153024
39 25254.96477408482
40 5355.7091360139975
41 6.878344003683665e+20
42 43988.91442151906
43 26627.47360974435
44 4770.637214465249
45 24476.925748734455
46 2615.3422938364397
47 110834490.43712464
48 741631.556510709
49 1531.0064154068205
50 99.55614354092017
51 3997.238865252011
52 479.03278528708
53 135.4522116667108
54 3942.812140688873
55 45.42793278276496
56 4.018309064306952e+20
57 6206.527622487228
58 6.045562439162752
59 9.093558808478458e+25
60 40.53264880686457
61 13.292665372903542
62 2633621.424478394
63 2522.0678142569295
64 4.283525001502966e+22
65 214.28044331828744
66 183.66559710450505
67 4.271513079555017
68 166.5372659983879
69 51.8317672113803
70 69.37816015320901
71 63.00129094457016
72 68.36065044455633
73 59.92814173050177
74 220.74761879629017
75 253.04861361743335
76 118.39526717484948
77 342.8075178291756
78 654414.0563651639
79 69.2244019851553
80 2.223750581741261e+24
81 71.66642361301653
82 9599.29668367869
83 106.17596664988086
84 34.69405683167484
85 43817941.707748465
86 4.855940142319556
87 156.1746909336195
88 188.81906793886915
89 103.94442614461701
90 113.70359369606241
91 104.72859984865995
92 8580.445090392619
93 289.59211104543294
94 113550221.71764155
95 72.19849697186027
96 4291.375973417198
97 89.66021666238514
98 1377.1960952778709
99 4556.138309942536
100 81.31600969511003
101 1861.7781224951848
102 4778.119455903276
103 129.3879773104928
104 1935759.4854365203
105 3.8783254550796253
106 265.366238229937
107 122.0678101435166
108 284.2329842097127
109 58.791270154232976
110 55.3592942256334
111 3701.413345324281
112 58.73471447918578
113 85.18384414884665
114 970.6200477787531
115 528.7054021899656
116 162.00063216131886
117 485.29862507124733
118 485.29862507124733
119 129.434469652514
120 3206331.1409185175
121 35678323.08259627
122 2412.603092155795
123 22098.59693588112
124 30.26606540107363
125 134.08679106223715
126 38.23971593506432
127 292.55893438804804
128 97.26222105278913
129 4.05559586711682
130 112.36466175692397
131 24408942.827153698
132 469.1985663533819
133 469.1985663533819
134 972691.5993751091
135 110.98363672016242
136 203.209449899047
137 256.88716606181475
138 106.53325459588405
139 868.9236772413781
140 14.266770877808243
141 136.35032350921756
142 65.91135255000141
143 92.27380917461181
144 163.20666725984276
145 277.08823359291506
146 5.603450965387716
147 140.79751966338964
148 147.13190219034465
149 158.80242962792457
150 75.0366565887523
151 46690.483978028795
152 117.89432716743303
153 3.7102823025090643
154 107.91901499326657
155 134.4027557362635
156 59.57919650837116
157 89.10684545519554
158 75.20469141967406
159 104.78323391956046
160 1738757010572844.0
161 93.366593777712
162 96.51810238987592
163 470395.2871588731
164 6.471652175840582
165 37.71199233070867
166 71.22698321655034
167 56016.598348833875
168 146.9719670969202
169 4.238419498239514
170 135.30697133520877
171 103.17668231644517
172 51510.403197085776
173 51510.403197085776
174 103.70729565539763
175 127.86358444537896
176 92.13644167421516
177 1487.739358064802
178 72.54327111382894
179 8671.912880919064
180 2363.1984845366856
181 4517.966624247567
182 141.12246258415166
183 70.74586607915325
184 81.97183475859718
185 76.68962386291666
186 5.4828679862667995
