1 442011.8403083425
2 0.9015918551170975
3 1.907197702982785
4 215587.62663635856
5 1.7467906020175687
6 0.6588878071644252
7 27.6549398052513
8 0.9705889469973547
9 141.8392923046184
10 1.0007493162984649
11 21.66225271334202
12 47223.103345868614
13 15685.218733875923
14 0.640604844601674
15 7.504716967266783
16 6307531.407763228
17 503.353340468083
18 0.9335040440277713
19 0.856458540916775
20 6318.517735447079
21 41.277827203593034
22 0.7738930948393917
23 13.755277354949856
24 5.837718473686853
25 17.268876981297748
26 0.6419095094723896
27 532362.8082086325
28 24.840354033847248
29 0.9896992049799045
30 0.7442524818385627
31 77.3315949886506
32 0.6865454427267978
33 3294344.577018773
34 9.581822994391679
35 8.982852649217811
36 0.6752157319825327
37 22784.654907277483
38 0.8397199574456706
39 122541656.18280354
40 76.22734972471098
41 3.9723798433094557
42 1.1129204228035472
43 0.6056629952697603
44 34157.38038614008
45 0.8578810968738456
46 12.667954452533559
47 71426.07247387787
48 0.7384166939831674
49 48.64911006644942
50 0.8444427447415815
51 4810.489015680903
52 34.242437663773394
53 8.75361513074645
54 0.8774622106012528
55 0.98126238203325
56 3260.66356194067
57 1071496.267405171
58 0.8019434910862419
59 0.8493090574397263
60 147298.97776554688
61 0.7959451151600719
62 0.8922764805098429
63 1.0419529773461707
64 1.010665526301497
65 12.209946376817133
66 0.7697800227681155
67 0.9425139816431662
68 0.7468413144421834
69 32.85489523062284
70 0.8466160120684266
71 0.8140027300647872
72 0.5473192011253731
73 0.790013209914548
74 0.7688359701988536
75 0.6962963957427893
76 0.7981694079412451
77 3.92816848966529
78 0.7140859389418923
79 1.0927579621870778
80 1.012834866069974
81 0.8323123514760925
82 0.8256433003568818
83 208.09054222480478
84 0.7804407515700548
85 0.6922620446312091
86 0.6890530107847213
87 0.9778684056011187
88 0.7682987855135758
89 0.8099243435322311
90 0.7435810610970365
91 0.8118883805591876
92 0.8114817243888829
93 0.7148504048647841
94 0.9104757340088498
95 0.7902547114665788
96 0.752116596100101
97 0.6825948797070628
98 0.7426436736128835
99 0.8291712428588424
100 0.8493047649141856
101 0.8170324376085946
102 14.271123450581635
103 0.6822264159839719
104 0.6388092866858608
105 0.7351238436456592
106 0.8397322620083257
107 14.424576170839535
108 0.839890486228465
109 0.7851896479005305
110 8315.333432649224
111 0.9270951594849279
112 0.7895377512026996
113 0.7435150767987304
114 0.8868857511911438
115 0.7826786491046439
116 0.9055138384474887
117 0.7836247824706352
118 0.9223320204481754
119 0.8450304512919568
120 0.8954004475256035
121 0.920430213211682
122 0.789226614792082
123 9.673130322190566
124 0.8729850885214204
125 0.8252481549452454
126 0.8197228281451392
127 0.7361841393585212
128 0.8770379925988718
129 0.564188333052463
130 0.783989360203866
131 0.8796065183689806
132 8.112408981493546
133 0.7414804152278933
134 0.6033847946743505
135 1206.0191911762943
136 0.7539951737715002
137 0.8397167165241074
138 0.6636927709994781
139 0.8165998530792642
140 0.9292808020408905
141 0.9292808020408905
142 0.9292808020408905
143 0.9292808020408905
144 0.9292808020408905
145 0.9292808020408905
146 0.9292808020408905
147 0.9292808020408905
148 0.9292808020408905
149 0.9292808020408905
150 0.9292808020408905
151 0.9292808020408905
152 0.9292808020408905
153 0.9292808020408905
154 0.9292808020408905
155 0.9292808020408905
156 0.9292808020408905
157 0.9292808020408905
158 0.9292808020408905
159 0.9292808020408905
160 0.9292808020408905
161 0.9292808020408905
162 0.9292808020408905
163 0.9292808020408905
164 0.9292808020408905
165 0.9292808020408905
166 0.9292808020408905
167 0.9292808020408905
168 0.9292808020408905
169 0.9292808020408905
170 0.9292808020408905
171 0.9292808020408905
172 0.9292808020408905
173 0.9292808020408905
174 0.9292808020408905
175 0.9292808020408905
176 0.9292808020408905
177 0.9292808020408905
178 0.9292808020408905
179 0.9292808020408905
180 0.9292808020408905
181 0.9292808020408905
182 0.9292808020408905
183 0.9292808020408905
184 0.9292808020408905
185 0.9292808020408905
186 0.9292808020408905
187 0.9292808020408905
188 0.9292808020408905
189 0.9292808020408905
190 0.9292808020408905
191 0.9292808020408905
192 0.9292808020408905
193 0.9292808020408905
194 0.9292808020408905
195 0.9292808020408905
196 0.9292808020408905
197 0.9292808020408905
198 0.9292808020408905
199 0.9292808020408905
200 0.9292808020408905
201 0.9292808020408905
202 0.9292808020408905
203 0.9292808020408905
204 0.9292808020408905
205 0.9292808020408905
206 0.9292808020408905
207 0.9292808020408905
208 0.9292808020408905
209 0.9292808020408905
210 0.9292808020408905
211 0.9292808020408905
212 0.9292808020408905
213 0.9292808020408905
214 0.9292808020408905
215 0.9292808020408905
216 0.9292808020408905
217 0.9292808020408905
218 0.9292808020408905
219 0.9292808020408905
220 0.9292808020408905
221 0.9292808020408905
222 0.9292808020408905
223 0.9292808020408905
224 0.9292808020408905
225 0.9292808020408905
226 0.9292808020408905
227 0.9292808020408905
228 0.9292808020408905
229 0.9292808020408905
230 0.9292808020408905
231 0.9292808020408905
232 0.9292808020408905
233 0.9292808020408905
234 0.9292808020408905
235 0.9292808020408905
236 0.9292808020408905
237 0.9292808020408905
238 0.9292808020408905
239 0.9292808020408905
240 0.9292808020408905
241 0.9292808020408905
242 0.9292808020408905
243 0.9292808020408905
244 0.9292808020408905
245 0.9292808020408905
246 0.9292808020408905
247 0.9292808020408905
248 0.9292808020408905
249 0.9292808020408905
250 0.9292808020408905
251 0.9292808020408905
252 0.9292808020408905
253 0.9292808020408905
254 0.9292808020408905
255 0.9292808020408905
256 0.9292808020408905
257 0.9292808020408905
258 0.9292808020408905
259 0.9292808020408905
260 0.9292808020408905
261 0.9292808020408905
262 0.9292808020408905
263 0.9292808020408905
264 0.9292808020408905
265 0.9292808020408905
266 0.9292808020408905
267 0.9292808020408905
268 0.9292808020408905
269 0.9292808020408905
270 0.9292808020408905
271 0.9292808020408905
272 0.9292808020408905
273 0.9292808020408905
274 0.9292808020408905
275 0.9292808020408905
276 0.9292808020408905
277 0.9292808020408905
278 0.9292808020408905
279 0.9292808020408905
280 0.9292808020408905
281 0.9292808020408905
282 0.9292808020408905
283 0.9292808020408905
284 0.9292808020408905
285 0.9292808020408905
286 0.9292808020408905
287 0.9292808020408905
288 0.9292808020408905
289 0.9292808020408905
290 0.9292808020408905
291 0.9292808020408905
292 0.9292808020408905
293 0.9292808020408905
294 0.9292808020408905
295 0.9292808020408905
296 0.9292808020408905
297 0.9292808020408905
298 0.9292808020408905
299 0.9292808020408905
300 0.9292808020408905
301 0.9292808020408905
302 0.9292808020408905
303 0.9292808020408905
304 0.9292808020408905
305 0.9292808020408905
306 0.9292808020408905
307 0.9292808020408905
308 0.9292808020408905
309 0.9292808020408905
310 0.9292808020408905
311 0.9292808020408905
312 0.9292808020408905
313 0.9292808020408905
314 0.9292808020408905
315 0.9292808020408905
316 0.9292808020408905
317 0.9292808020408905
318 0.9292808020408905
319 0.9292808020408905
320 0.9292808020408905
321 0.9292808020408905
322 0.9292808020408905
323 0.9292808020408905
324 0.9292808020408905
325 0.9292808020408905
326 0.9292808020408905
327 0.9292808020408905
328 0.9292808020408905
329 0.9292808020408905
330 0.9292808020408905
331 0.9292808020408905
332 0.9292808020408905
333 0.9292808020408905
334 0.9292808020408905
335 0.9292808020408905
336 0.9292808020408905
337 0.9292808020408905
338 0.9292808020408905
339 0.9292808020408905
340 0.9292808020408905
341 0.9292808020408905
342 0.9292808020408905
343 0.9292808020408905
344 0.9292808020408905
345 0.9292808020408905
346 0.9292808020408905
347 0.9292808020408905
348 0.9292808020408905
349 0.9292808020408905
350 0.9292808020408905
351 0.9292808020408905
352 0.9292808020408905
353 0.8200545682245143
354 0.8177756120581904
355 0.8637049153716482
356 0.6755801404782674
357 0.7777364722625171
358 0.7390967984999357
359 0.7849181490356989
360 0.6594097808937721
361 0.6762867315965607
362 20.575660192629233
363 0.6509397398003856
364 0.9758400784432016
365 0.6897489810282574
366 1.056426727575308
367 0.5973033231424962
368 1.342406555779592
369 17.446315946249353
370 225421803566.24545
371 0.8694323702125164
372 13839.560687249239
373 246.41827608738714
374 0.526502480956718
375 166.85185018507383
376 1832.5957634153503
377 0.5926004843714765
378 0.760967463546986
379 0.8002074686620012
380 0.9648852448043664
381 11.430707617736363
382 0.7598044852694357
383 0.7598044852694357
384 0.9032923505336534
385 0.7729595898832012
386 0.7774460230389666
387 413.5873826222223
388 0.9479021893731816
389 0.7599793238702668
390 0.862304881222419
391 0.7806662784563395
392 1.072110587587955
393 14.94287732280213
394 2708.034904306199
395 0.9685621658615811
396 0.7734975645935488
397 30.142424315951512
398 0.8558285514168544
399 0.554113010572996
400 0.7514646627787046
401 0.7908026909894085
402 0.7038668851130898
403 0.9316448209567324
404 49.943022170562315
405 0.7462815333825967
406 0.7216267082115396
407 0.763218021167118
408 0.790161858793237
409 2.215780846233345
410 0.8148190997121353
411 0.9051652379101734
412 0.8263931396019771
413 1.0826657461575646
414 0.7535793816026422
415 1.6287181599841392
416 0.8046092594149883
417 0.7879866716351052
418 556.6594037475471
419 12.627558782074487
420 1.611073302709143
421 0.7919347276552776
422 15.980238084162607
423 0.7879018818782165
424 0.7216034351597777
425 0.8471102834250035
426 0.8748132707553595
427 0.955565876391351
428 0.7380779198348714
429 191.2571213929167
430 0.8114848010116755
431 45.46794856080419
432 0.7311465762117434
433 0.753725926404072
434 0.8625573799416919
435 0.7315805941990462
436 0.7179151261477361
437 0.7612388012956511
438 0.765427318964234
439 0.8171463344462286
440 0.6397159225908003
441 0.7664114949806815
442 275.1378606294267
443 499492.190811079
444 0.6737891186132529
445 0.5775232224172943
446 0.8365076879783978
447 0.764864980895888
448 19.965633686503082
449 0.8535735420750972
450 0.7556086576131714
451 0.5131788965046021
452 6097.23775908566
453 0.7698213047054199
454 0.7168797818781006
455 0.5496899687068335
456 0.7674848241831947
457 0.8360523513354456
458 8.267111635874096
459 37.212682628866304
460 0.8394735792207731
461 0.8981972257514367
462 0.7701991090058755
463 0.6873905362456799
464 0.6971783559561184
465 0.8337525558813781
466 0.5894020896779841
467 0.8236807275316138
468 0.6740001464059548
469 0.6579741543627877
470 8.26777669767402
471 0.9004705075460222
472 417.42850687236734
473 0.8504299420219761
474 0.7769599036616438
475 0.721213942699672
476 0.730147689215755
477 0.6995031397747309
478 0.738611577011866
479 0.7347701474470792
480 0.9131274014772705
481 0.7474083434661732
482 0.7474083434661732
483 0.7266304620075886
484 0.7613180469113696
485 0.8337550989070104
486 0.7289611778981139
487 0.7714700877720502
488 0.602227109034058
489 16.028024056076905
490 0.7458515906944119
491 0.7855419756533872
492 0.7786760476817901
493 0.7050580534748148
494 0.7064291406711385
495 0.6558406916767485
496 0.6633645934991852
497 24.062298542533846
498 0.8761971963922498
499 1.0200057974604662
500 0.7566465171912551
501 0.6084916039817879
502 0.9012044955300873
503 28.692639230376024
504 7.202640613131782
505 0.7847519557191673
506 0.8748084154966153
507 0.7038955912871894
508 0.7077280941636758
509 0.7435835571389305
510 0.868959995924808
511 12.253884787376725
512 41.25120610283986
513 0.5430921261393364
514 0.7203240933416597
515 0.5277253847908422
516 0.7026427272744687
517 0.6480867066141043
518 0.7075339683936877
519 0.7831754767413001
520 0.6691203826140081
521 0.7568320845503217
522 0.7749382672888515
523 1.0254587525440328
524 18.050771891814453
525 35.41365561301733
526 0.769510018575945
527 0.7212408198348965
528 0.645850960282604
529 0.5240207965682386
530 14.55188853970895
531 1.120148083064387
532 0.5838636940685498
533 0.5671443215273776
534 0.6294748390530964
535 0.7487187088361521
536 0.5831993660470599
537 0.7553460626413007
538 0.5078485850219444
539 0.5601018744229646
540 0.5875210360539648
541 0.5970058658624654
542 2.2935298397419626
543 0.6055305109929288
544 590.8457848121982
545 0.5462262101384376
546 0.5462262101384376
547 0.5653912564830477
548 18.118570783125435
549 0.5989922249315801
550 0.5427395324357868
