1 31226.375633496904 2552.566868613567 16889.471251055234
2 152.81304189820702 51.69300466489702 102.25302328155202
3 2.8269607350660397e+17 5578325.884650519 1.4134803675609115e+17
4 1.7090684396328193e+20 6045074.7533600805 8.545342198164398e+19
5 413.05501614155594 0.6628558103697849 206.85893597596285
6 481.4187174033156 7.088608072735954 244.25366273802578
7 9.381001723270739e+21 230509.61406509927 4.6905008616353694e+21
8 23715.04003781563 23.82675942228872 11869.43339861896
9 5.1433889083914135 0.7099773122540455 2.9266831103227293
10 52.435331660495336 0.7227457163448251 26.57903868842008
11 17.4554795745032 0.9609648588101667 9.208222216656683
12 20911.112213281343 646.4761099278559 10778.7941616046
13 6.553923546303059 0.5681530847740757 3.561038315538567
14 136.58750368223951 15.28228181184891 75.93489274704422
15 13219.234987021686 1044.7194433642337 7131.97721519296
16 46.050946058889274 0.6647021872715001 23.357824123080388
