1 78.33748709117268 2.2241250881319052 40.28080608965229
2 7.395910939114498 0.858249965789428 4.127080452451963
3 108.51508201954226 7.652441305799346 58.0837616626708
4 1.6212599138964574e+16 40869.55514277472 8106299569502722.0
5 80157441490573.62 145182.21162773034 40078720817877.92
6 4.820473583135171e+20 286158670.8880277 2.410236791569016e+20
7 62.14218335097178 0.9402214860816548 31.541202418526716
8 36.25072161349933 1.0058375826154642 18.628279598057397
9 3648.3037695239473 4.192439401797463 1826.2481044628723
10 154.6019550899089 0.8712838206412381 77.73661945527506
11 12.826443273536572 1.1669379828929551 6.996690628214764
12 165.520429000147 21.74729203392689 93.63386051703695
13 1524403.2980062072 37167.01106745144 780785.1545368293
14 18449328108.77862 31042.540541376715 9224679575.659582
15 159.25847090958305 1.5808961281508151 80.41968351886693
16 479.3064055105723 11.208620812012267 245.25751316129228
17 434.84509204298877 365.127821325409 399.98645668419886
18 24190.960249880183 2.305488224325679 12096.632869052255
19 217.12845894395707 6.952381286871985 112.04042011541453
20 99.26818912741008 0.6838779696897496 49.976033548549914
21 4166.396106441165 0.8028205166848567 2083.599463478925
22 5.071222787815681 0.6180838265515839 2.8446533071836324
23 50.52570166376292 0.5511929113210939 25.53844728754201
24 55.20661475266125 0.9289243958100311 28.06776957423564
25 68259.99865855835 12.216656604651554 34136.1076575815
26 456.531983813911 12.069217102944835 234.3006004584279
27 103.815938629767 13.77874192507233 58.797340277419664
28 3839.080489485956 7.178165353611371 1923.1293274197837
