1 2228.914429998158 32.33483591833086 1130.6246329582445
2 2241.9262044539737 1637.501555586433 1939.7138800202033
3 73678.51793046195 905.3135384005576 37291.915734431255
4 4390.371782165917 56.199239556427706 2223.285510861172
5 2.050689746949892e+17 136531.31787261044 1.0253448734756286e+17
6 22.03758717272466 1.3937509457288124 11.715669059226736
7 2.4769459126628986e+22 3332481.4980422617 1.2384729563314495e+22
8 3070.735135862011 87.93026834205567 1579.3327021020332
9 40190288459.10018 2138322400.8169382 21164305429.95856
10 1555.2835772385008 8.11620924483264 781.6998932416667
11 814095342.9553149 10543424.940212483 412319383.9477637
12 65823.54829046992 377.1888861456954 33100.36858830781
13 8.146434119599325e+18 1093538.713736547 4.0732170598002094e+18
14 12169.505363107992 152.5123194820976 6161.0088412950445
15 6835.458557974146 6.073222834907369 3420.7658904045265
16 171.3681705452326 0.8603498659922078 86.11426020561241
17 20031.835621638682 1367.9335160349435 10699.884568836813
18 3966283945.8655376 97044.98733703393 1983190495.4264374
19 1462577.6008387376 206.54379625555882 731392.0723174965
20 5168.502976170591 9.494859765808767 2588.9989179681997
21 7.048755181681604e+21 85074570.67992643 3.5243775908408444e+21
22 4318.571837089541 11.254371446155176 2164.913104267848
23 5.3623853161912685 0.9606540965748602 3.1615197063830642
24 151.64188998697213 0.8131442277517241 76.22751710736193
25 156.1291055557144 25.89376067104267 91.01143311337853
26 7.607847828037605 0.6573250808984996 4.132586454468052
27 321089.1479157173 273.1966820429677 160681.17229888012
28 10761.344511216044 0.9771364091415311 5381.160823812593
29 27.724858715231196 0.9281910198581301 14.326524867544663
30 147.51280870813653 0.5294508383969637 74.02112977326675
31 49753.91100355477 14.40987636587622 24884.160439960324
32 371.31037819617404 9.239645991455594 190.2750120938148
33 20.755194724118923 0.7958778441848173 10.77553628415187
34 8.451766493482383 0.786229560205937 4.61899802684416
35 42.8349437903766 0.599199653734003 21.7170717220553
36 161.13920603179838 18.077333931624068 89.60826998171123
37 1204489.712893453 734.3231221126648 602612.0180077829
38 3729.4074775537015 8.002028250678828 1868.7047529021902
39 600165.0147320785 1875.1473722649087 301020.0810521717
40 6628.224346244629 2.5872031655177077 3315.4057747050733
41 97.49320227124213 0.9110277404877875 49.202115005864954
42 340.3278960839269 16.50848059673686 178.41818834033188
43 208873860.5783515 397829.4002177854 104635844.98928463
44 77.65866506263384 1.9264448869258972 39.79255497477987
45 676.7723965195889 1.5260559414175159 339.14922623050325
46 1602.0729967574136 4.596907639493801 803.3349521984537
47 105606.33599852251 205848.08883713224 155727.21241782737
48 99459.07718311982 11.948975742920714 49735.51307943137
49 7.164682477842654 0.61927455118936 3.891978514516007
50 10183.207809501346 23.258384720487147 5103.233097110917
51 349.92983403723196 0.7818940523876179 175.35586404480978
52 1.1308323815463154e+21 2852.254396200032 5.654161907731577e+20
53 597.9360051079841 18.47505932603275 308.20553221700845
54 9133698.348933915 5655.516429002265 4569676.932681458
55 4.026260337298545e+19 45755.00610772245 2.013130168649275e+19
