1 3719340323.9432187
2 0.9132402403237972
3 265.4986722117681
4 433509.40335378784
5 433509.40335378784
6 14.379370645756099
7 76.28293614772595
8 589506.4521421543
9 712.3858217261276
10 0.8071709836472029
11 31.30061055136822
12 9.36141245341663
13 15.07171776979883
14 111427372696928.8
15 438972.5132039441
16 397.7389374424894
17 0.7483814339185318
18 2.7394991385971923
19 22.771798430613032
20 0.6270976281807765
21 0.9764911890845869
22 0.7431806960571294
23 235383671.02726707
24 10.219869341959859
25 3388.8723189377943
26 0.8244395399597715
27 7442.576487075576
28 42613.12858423633
29 155.78476976091378
30 112949.86429440817
31 1.0022946098730328
32 11.537887558606936
33 219799.85689658616
34 0.66687894251124
35 1.6759057264570403
36 8.802751037131198
37 0.9199046418371979
38 395855025419.4231
39 0.6612869593901681
40 417926.0372518356
41 16413.271273346312
42 0.6913157687313982
43 3.7899012054871672
44 26.51306514020793
45 7.515446848508999
46 76.11188529199204
47 3.160217317779393
48 24.28794529342825
49 0.8851315769984981
50 4060.646651586219
51 35.000804272023025
52 4.200806784652863
53 0.5779267184373661
54 22.076248135235318
55 0.7354339050314704
56 3128.907739986794
57 147.98903532066166
58 0.6168326165502174
59 0.6630127787811558
60 215.12146051042257
61 27.448519795301234
62 6.739868596880569
63 1.9908325571664798
64 7925.590878986691
65 0.799269751211507
66 91.80225883737087
67 7.437548288802941
68 1.7970751276777464
69 0.852379631524292
70 32.45118705641424
71 0.6069299200549553
72 0.604343204520559
73 3.923010133598471
74 218.9690671692662
75 1.8372515289450506
76 0.8392255293334084
77 1.4803625608258675
78 22.10484395484141
79 0.7472966713760466
80 7.069805407207286
81 0.5735006558006424
82 24.19237330439092
83 0.6366592598276495
84 0.913080541103383
85 1.4428503256616134
86 1.2018814903264563
87 0.7241374047259439
88 1.2553524253048294
89 0.7330273891206603
90 0.5985520564859259
91 0.9477439567575519
92 0.6988437314314737
93 11.384950833540215
94 0.9187305023809997
95 1.0084806530134762
96 0.5888529629435937
97 0.9316512609043316
98 2.4803759145538735
99 2.4112267155111056
100 13.089084284335556
101 0.6980944752398764
102 4.222651072921928
103 0.6574937997642508
104 0.6019446762412426
105 0.8203489587343198
106 0.854753795150694
107 0.903844734846304
108 0.6428366497018497
109 107.64007313823113
110 0.7262311760699407
111 1.0345103462878185
112 0.7236413037421608
113 0.5470112651493019
114 0.6112655098161691
115 0.8301553193951882
116 0.80637786109613
117 0.8028788680397679
118 0.6218699195807547
119 0.5555511222530128
120 0.642614950554319
121 0.7054814582984168
122 1260.6485744491686
123 10.29114772094046
124 22.180936698718124
125 0.6631970366307457
126 1.1325014697908309
127 0.5739392793400316
128 0.6622706030425957
129 0.7786824155393943
130 0.5610220107152498
131 0.8039435125369817
132 24.201670215065295
133 2420.914836485902
134 14.653437550152594
135 0.72403325183926
136 0.8012406160921155
137 0.7933089979759743
138 0.6585757664956544
139 0.8726304277354725
140 0.9400211081713347
141 0.8469382306382675
142 0.6228076918995282
143 0.701622291899467
144 0.6739793611832292
145 0.5813298797072921
146 26.567862423850737
147 0.5841732243180284
148 0.792575222544823
149 3.7796097680244833
150 0.6047905130680725
151 0.9024239162360703
152 0.6474187152920333
153 0.833142705429211
154 8.13566248317895
155 13.151033547040758
156 0.5543054603459827
157 0.676192967640109
158 0.9003165937790581
159 3.0756178645277137
160 0.6589415905168577
161 0.6393034651995027
162 0.6258463732850461
163 0.8181229875733946
164 13.374514053050254
165 0.6914817383396251
166 0.6993002158241429
167 1.0716693497768979
168 0.6397527193716847
169 0.8600140704284147
170 30.350334591060264
171 0.5781772667234696
172 15.598919631899475
173 0.7289751882024367
174 0.5710726403100148
175 11.877367591151929
176 0.6733028109832215
177 14.835754485449435
178 4.9524120044250015
179 0.8058126371413696
180 2635.801103061642
181 0.8353968598945479
182 17.07543571776036
183 0.5896567490974631
184 0.608179384318868
185 0.8430451868564548
186 0.6227639706991381
187 0.7019447483118787
188 15.064333616576686
189 12.060057817267586
190 7.594028928370572
191 16.11568127039855
192 10.436941361177453
193 2.9180473045900457
194 0.8402439145813383
195 1.1247072441663932
196 0.9382837816497221
197 1155.1793404316693
198 20.10293497475149
199 392.6233773578916
200 0.7112883185949661
201 0.5582849866703683
202 0.7118454735533741
203 0.6821874937309899
204 0.6663531387624199
205 0.7449955904748559
206 0.6455374203780231
207 0.5856602809148687
208 1.0240667116599238
209 50.88191105749522
210 1.2817158099474142
211 0.7749689591704748
212 0.7572252171745246
213 0.7162434317900668
214 0.6625586710138789
215 0.5640709088024318
216 0.5751636933609937
217 0.5321685391728578
218 0.5828042408514879
219 0.6501690922817119
220 23.94848531999973
221 0.5734621671353606
222 14.869599835553716
223 0.7953967848574061
224 0.7375373649926572
225 0.5888968458005057
226 18.330170540086467
227 1.0599085205697147
228 0.7332077862444841
229 0.5544326801926245
230 0.7346634022413573
231 0.8412314790192482
232 0.7842548814401084
233 1.4230761824064104
234 0.7384078022349793
235 0.6252356870353782
236 75.26603871786523
237 0.7539777332506755
238 0.8908112353724547
239 0.6607604530327
240 600.4490879586245
241 0.6779092057370756
242 0.596754997445645
243 0.7767423616623739
244 29.4756539753227
245 35.126150195110775
246 0.8195785720471118
247 68.57614994918775
248 0.6881333510768138
249 10.96798720886517
250 1.0687918996440975
251 0.8141768364139204
252 0.5891961093896119
253 1.0281468764240542
254 0.7449605202334397
255 7.284977313533236
256 1.3355447824594038
257 5.574851548422236
258 19.382491135428786
259 0.7755092131145948
260 0.6617374031317313
261 0.8916656422798825
262 0.5680991314506566
263 23.01894376520419
264 3.032028016680109
265 0.6620479449052777
266 0.5747479633488158
267 0.5948345136019693
268 0.7617407645319328
269 0.6607255303534538
270 0.6622244125316232
271 0.7741256475238263
272 77.97388710573205
273 0.9705268241366274
274 0.557298832430052
275 2790.7262523882664
276 0.8606215914074163
277 0.7217038913775007
278 0.5906786579137073
279 16.65458027840234
280 0.6507672153825509
281 0.6716664932233062
282 0.7877386565832394
283 0.9156895643348143
284 0.5705416503048641
285 3.59212878912829
286 49.17934494936155
287 1.063767793388227
288 10.001956859097278
289 0.7166696277067015
290 0.7144048285921476
291 0.646818713139097
292 0.614272459402269
293 0.6829019671127265
294 0.6261733121685877
295 0.5937017313207884
296 0.5473978783392063
297 0.8415670180195389
298 0.7604601569362872
299 0.8737619460754953
300 0.6307600691280434
301 0.6847806915041962
302 0.6891604213036235
303 0.6563895528918026
304 2.451372226304384
305 0.6154051926102821
306 0.6732849585393766
307 0.6488345743610173
308 95.66110136009333
309 30314.111369265855
310 0.637981723086312
311 0.6186011076780649
312 0.5447791646464238
313 0.6147471204570844
314 0.6968331819903912
315 0.6968331819903912
316 0.6262880847852678
317 0.5571885640990664
318 0.6963358557336157
319 99.43767195479377
320 0.626307790163718
321 0.6775167751238758
322 0.7602494948990708
323 0.6057979615979355
324 0.7145705530914745
325 0.5379427346084455
326 1.6337710874721063
327 0.6006977201195817
328 0.7336354787613341
329 0.5947546487360588
330 0.589909067719476
